a=81
a=140
a